1 0.242676 0.451660 0.108398 0.317383
1 0.226074 0.739746 0.163086 0.266602
1 0.256836 0.251953 0.050781 0.070312
1 0.430664 0.447754 0.101562 0.333008
1 0.555176 0.460938 0.122070 0.154297
1 0.595703 0.640137 0.097656 0.184570
1 0.609375 0.819824 0.132812 0.356445
1 0.743164 0.749512 0.113281 0.356445
1 0.717773 0.459473 0.080078 0.268555
1 0.843750 0.223145 0.083984 0.106445
1 0.568848 0.178223 0.073242 0.122070
1 0.519531 0.175293 0.052734 0.116211
1 0.568848 0.118164 0.045898 0.119141
1 0.620117 0.152832 0.058594 0.190430
1 0.373535 0.030762 0.055664 0.059570
