1 0.160206 0.375000 0.094146 0.408019
1 0.226661 0.330778 0.084652 0.371462
1 0.302215 0.458137 0.090190 0.364387
1 0.358782 0.337854 0.078323 0.295991
1 0.327927 0.214623 0.048259 0.120283
1 0.304193 0.222288 0.035601 0.116745
1 0.527690 0.346698 0.099684 0.089623
1 0.558149 0.211675 0.062500 0.100236
1 0.698972 0.205189 0.060918 0.084906
1 0.753165 0.339623 0.058544 0.084906
1 0.579905 0.679835 0.153481 0.435142
1 0.750000 0.730542 0.161392 0.406840
1 0.817247 0.797170 0.189873 0.360849
1 0.541139 0.094929 0.023734 0.027123
1 0.473497 0.070165 0.048259 0.057783
1 0.579509 0.062500 0.040348 0.058962
1 0.574763 0.015330 0.027690 0.025943
1 0.737342 0.056014 0.015823 0.109670
