1 0.156250 0.219727 0.048828 0.033203
1 0.089355 0.747070 0.110352 0.093750
1 0.168945 0.618652 0.113281 0.157227
1 0.302246 0.630859 0.129883 0.232422
1 0.398926 0.690918 0.137695 0.223633
1 0.370605 0.368164 0.112305 0.234375
1 0.407715 0.298828 0.098633 0.181641
1 0.482422 0.347168 0.082031 0.200195
1 0.629395 0.196289 0.067383 0.060547
1 0.697754 0.193359 0.049805 0.085938
1 0.689453 0.364746 0.109375 0.120117
1 0.769043 0.428711 0.100586 0.242188
1 0.883301 0.385742 0.092773 0.080078
1 0.758789 0.763672 0.132812 0.128906
1 0.889160 0.755371 0.094727 0.116211
1 0.873047 0.222656 0.048828 0.033203
1 0.061035 0.410156 0.075195 0.101562
