1 0.075158 0.472288 0.136076 0.366745
1 0.342168 0.886203 0.170095 0.227594
1 0.410997 0.820755 0.141614 0.358491
1 0.409019 0.475236 0.104430 0.370283
1 0.452136 0.314858 0.062500 0.117925
1 0.498813 0.544222 0.108386 0.435142
1 0.679589 0.761203 0.129747 0.477594
1 0.808544 0.745283 0.128165 0.431604
1 0.679589 0.458726 0.091772 0.304245
1 0.772152 0.489387 0.080696 0.313679
1 0.836234 0.272995 0.053797 0.069575
1 0.699367 0.218160 0.068038 0.108491
1 0.777294 0.147406 0.048259 0.063679
1 0.657041 0.130307 0.059335 0.079009
1 0.765427 0.079599 0.034019 0.038915
