1 0.165698 0.225260 0.071221 0.119792
1 0.292878 0.300130 0.055233 0.243490
1 0.331759 0.395833 0.067587 0.354167
1 0.443314 0.438802 0.078488 0.117188
1 0.452762 0.732422 0.111919 0.186198
1 0.494186 0.253906 0.075581 0.111979
1 0.605378 0.357422 0.077035 0.326823
1 0.628997 0.162109 0.058866 0.162760
1 0.740552 0.733724 0.106105 0.342448
1 0.773619 0.440755 0.082122 0.279948
1 0.809230 0.444661 0.047238 0.243490
1 0.804506 0.250651 0.058140 0.157552
1 0.872820 0.505208 0.111919 0.315104
1 0.910610 0.724609 0.133721 0.316406
