1 0.150417 0.503348 0.105833 0.395089
1 0.259583 0.713170 0.145833 0.520089
1 0.406667 0.788504 0.185000 0.422991
1 0.337917 0.436942 0.087500 0.293527
1 0.519167 0.536830 0.110000 0.417411
1 0.827083 0.637277 0.175833 0.466518
1 0.768333 0.492746 0.121667 0.425223
1 0.712917 0.335379 0.074167 0.273438
1 0.612500 0.287388 0.068333 0.257812
1 0.397917 0.418527 0.082500 0.314732
1 0.447917 0.373326 0.055833 0.322545
1 0.367083 0.225446 0.054167 0.093750
1 0.278333 0.236607 0.058333 0.107143
1 0.549583 0.148438 0.019167 0.087054
