1 0.059593 0.702474 0.095930 0.194010
1 0.181686 0.199870 0.077035 0.160156
1 0.295422 0.204427 0.066134 0.143229
1 0.458576 0.197266 0.085756 0.248698
1 0.490552 0.406250 0.085756 0.320312
1 0.430959 0.522135 0.098837 0.273438
1 0.495640 0.737630 0.107558 0.376302
1 0.624273 0.531250 0.087209 0.364583
1 0.696948 0.652995 0.135174 0.347656
1 0.777253 0.393880 0.093750 0.199219
1 0.865189 0.457682 0.105378 0.186198
1 0.861555 0.667318 0.106831 0.235677
1 0.549419 0.165365 0.074128 0.328125
1 0.166788 0.059896 0.067587 0.117188
1 0.099201 0.063151 0.058866 0.123698
