1 0.037917 0.335938 0.074167 0.100446
1 0.268750 0.344308 0.117500 0.121652
1 0.290833 0.176339 0.125000 0.241071
1 0.357500 0.107701 0.073333 0.097098
1 0.424167 0.280692 0.093333 0.382812
1 0.499583 0.262835 0.094167 0.295759
1 0.509583 0.448103 0.092500 0.206473
1 0.435833 0.610491 0.158333 0.254464
1 0.451250 0.823103 0.159167 0.333705
1 0.573333 0.576451 0.115000 0.206473
1 0.610000 0.794643 0.125000 0.363839
1 0.717083 0.481585 0.139167 0.472098
1 0.886667 0.603237 0.118333 0.204241
1 0.786667 0.121094 0.113333 0.114955
