1 0.091772 0.199882 0.028481 0.043632
1 0.007120 0.265330 0.012658 0.051887
1 0.102057 0.570755 0.110759 0.457547
1 0.263449 0.467571 0.113924 0.222877
1 0.341377 0.288325 0.078323 0.305425
1 0.438687 0.240566 0.065665 0.117925
1 0.608782 0.320165 0.073576 0.147406
1 0.529668 0.566627 0.119462 0.178066
1 0.689082 0.665684 0.123418 0.479953
1 0.740902 0.607901 0.103639 0.413915
1 0.840585 0.479363 0.094146 0.369104
1 0.785206 0.220519 0.059335 0.235849
1 0.763845 0.088443 0.029272 0.125000
1 0.731013 0.076651 0.023734 0.117925
