1 0.071598 0.627948 0.062500 0.232311
1 0.148339 0.645637 0.122627 0.246462
1 0.185127 0.820165 0.156646 0.277123
1 0.390427 0.820165 0.171677 0.354953
1 0.595332 0.833137 0.159019 0.333726
1 0.651108 0.547170 0.126582 0.311321
1 0.442642 0.385024 0.081487 0.145047
1 0.391218 0.266509 0.081487 0.209906
1 0.189873 0.287736 0.049051 0.115566
1 0.279668 0.245873 0.049842 0.206368
1 0.662975 0.279481 0.082278 0.275943
1 0.670886 0.147995 0.068038 0.114387
1 0.722310 0.230542 0.052215 0.232311
1 0.755142 0.163325 0.026108 0.145047
1 0.764636 0.489387 0.106804 0.403302
1 0.801820 0.239976 0.030854 0.045991
1 0.931171 0.198703 0.020570 0.036557
1 0.544699 0.099057 0.051424 0.063679
