1 0.077637 0.587891 0.153320 0.212891
1 0.262695 0.587402 0.138672 0.276367
1 0.406250 0.793457 0.164062 0.286133
1 0.354980 0.920898 0.186523 0.158203
1 0.585449 0.886719 0.176758 0.226562
1 0.833984 0.664062 0.128906 0.123047
1 0.938965 0.895508 0.120117 0.123047
1 0.527832 0.506348 0.098633 0.299805
1 0.452637 0.502930 0.096680 0.300781
1 0.114746 0.270508 0.063477 0.054688
1 0.213379 0.262695 0.073242 0.082031
1 0.225098 0.167480 0.077148 0.063477
1 0.256836 0.062012 0.046875 0.073242
1 0.308594 0.064941 0.054688 0.055664
1 0.412109 0.292969 0.083984 0.187500
1 0.423828 0.180664 0.085938 0.125000
1 0.469238 0.152832 0.071289 0.190430
1 0.593262 0.220215 0.065430 0.178711
1 0.620117 0.299316 0.072266 0.229492
1 0.713379 0.262207 0.055664 0.075195
1 0.828125 0.266113 0.078125 0.053711
1 0.751953 0.505859 0.095703 0.244141
