1 0.147547 0.435731 0.067247 0.218160
1 0.230222 0.298349 0.063291 0.120283
1 0.236946 0.518868 0.102057 0.330189
1 0.292722 0.785967 0.150316 0.241745
1 0.241297 0.231722 0.025316 0.100236
1 0.215981 0.221108 0.026899 0.081368
1 0.476266 0.275943 0.064873 0.174528
1 0.568434 0.297170 0.067247 0.195755
1 0.463212 0.580778 0.095728 0.449292
1 0.529668 0.613208 0.149525 0.483491
1 0.672468 0.376179 0.075949 0.099057
1 0.742880 0.608491 0.131329 0.174528
1 0.810127 0.346698 0.053797 0.169811
1 0.872231 0.420401 0.060918 0.206368
1 0.925237 0.691627 0.147943 0.444575
